13 1587 1585 1608 1588 32 1578 1602 1740 32 1606 1688 1575 1583
5
193 24
189 31
185 37
179 42
175 46
168 50
160 53
152 56
144 56
137 56
130 57
127 63
122 68
117 72
110 74
99 58
90 58
91 53
99 53
100 60
97 65
92 69
85 71
77 73
67 39
64 45
57 44
53 44
46 45
49 50
49 59
49 66
46 73
40 77
33 78
26 76
20 70
18 61
18 54
18 46
46 18
55 18
58 10
56 4
50 2
2 42
4 52
4 59
4 67
4 76
4 84
5 92
9 97
18 100
28 102
39 102
47 102
58 102
70 102
85 102
93 101
101 101
109 101
113 100
121 97
131 95
138 94
146 94
154 95
163 97
169 100
176 102
183 104
