9 1575 1581 1605 1583 32 1570 1605 1604 1740
3
95 2
83 6
75 9
65 14
59 16
49 22
41 25
34 29
27 33
22 37
24 41
31 43
40 43
49 43
55 45
56 51
49 59
42 64
36 69
29 73
22 79
15 84
8 90
4 95
1 103
1 110
1 117
10 121
21 121
30 121
41 121
55 120
71 119
79 119
87 119
96 119
100 119
119 118
128 118
135 118
145 118
150 118
136 28
123 34
111 38
100 42
86 47
73 52
60 56
47 61
36 66
28 68
18 73
12 74
143 57
125 64
109 68
95 73
87 74
80 75
69 78
60 81
52 83
43 85
36 87
26 91
20 92
11 95
