9 1575 1581 1605 1583 32 1570 1605 1604 1740
3
107 2
94 6
86 10
77 13
68 16
59 21
52 24
45 26
36 31
30 34
25 40
27 45
36 46
45 49
52 52
57 55
61 61
55 68
48 73
42 77
34 81
27 85
22 90
16 95
10 102
5 109
2 116
5 121
16 124
26 125
38 126
49 125
60 123
73 121
84 119
95 119
105 118
112 117
118 117
126 117
134 119
6 67
17 67
27 64
41 61
54 60
67 58
77 55
83 54
90 52
98 52
107 51
112 71
103 72
94 72
85 72
77 73
65 73
55 74
47 75
39 75
31 77
25 79
17 82
9 83
