10 1589 1583 1585 1575 32 1583 1608 1587 1578 1740
1
134 2
125 6
116 12
109 17
101 21
92 25
84 25
75 26
67 26
57 26
49 23
41 21
46 21
51 23
59 24
66 25
69 30
70 39
71 46
70 55
69 64
66 71
64 79
63 90
60 99
58 107
54 113
52 121
50 128
47 136
43 142
48 138
51 131
55 123
57 116
60 107
60 100
60 92
54 88
46 86
37 86
28 86
20 88
13 93
6 100
2 105
6 107
14 101
23 95
31 91
41 86
51 82
60 79
69 76
79 73
89 71
101 72
114 74
122 75
129 77
135 79
