11 1575 1605 1740 1583 32 1578 1607 1585 1575 1606 1740
2
25 2
34 3
43 5
51 7
56 9
59 16
57 23
52 28
46 33
40 38
34 42
29 47
25 53
24 61
29 66
38 68
47 68
52 70
60 71
66 76
69 83
70 91
69 99
66 107
62 114
57 121
50 128
46 132
42 138
34 143
26 144
18 145
11 142
13 133
20 126
29 117
40 107
49 102
55 97
70 90
80 86
93 84
107 83
119 82
130 82
138 82
148 84
156 87
150 60
139 62
128 65
119 67
108 69
94 71
78 74
71 75
58 77
50 79
37 82
29 85
23 87
14 90
6 92
