12 1570 1585 1605 1575 1606 32 1705 1585 1575 1605 1578 1740
6
114 55
113 67
113 75
146 13
147 21
144 27
138 31
127 32
118 33
108 33
101 33
92 33
83 33
74 33
65 33
57 33
50 33
42 33
40 39
40 47
90 65
88 73
84 79
78 83
69 71
68 73
60 74
54 76
45 77
36 77
30 75
27 69
24 62
22 54
22 46
23 37
26 31
28 23
149 61
150 69
151 76
149 84
144 90
137 95
130 100
122 104
113 108
105 111
95 114
87 115
80 116
71 116
62 116
54 116
47 115
38 113
29 112
22 108
17 105
11 99
8 91
6 84
4 77
2 69
1 61
72 2
