10 1601 1585 1576 1583 32 1588 1607 1740 1583 1740
1
129 43
127 51
122 57
115 63
107 67
99 72
92 75
84 80
78 83
70 89
64 96
58 101
53 108
48 114
42 120
36 125
31 130
26 137
25 136
30 128
34 122
41 113
50 107
58 97
65 91
71 87
79 79
85 72
92 64
99 55
103 47
106 37
109 28
109 21
105 12
97 7
84 2
72 1
64 1
54 2
45 5
39 8
32 13
24 19
19 24
13 31
8 39
3 46
1 53
1 60
8 64
15 68
21 72
28 77
36 81
41 87
44 95
44 102
40 111
33 117
26 125
20 132
15 137
