10 1601 1585 1576 1583 32 1588 1607 1740 1583 1740
1
142 76
138 84
134 91
128 97
120 103
113 105
106 108
96 111
89 114
83 118
74 125
70 131
65 137
59 145
55 152
50 158
55 152
61 144
68 137
73 129
84 120
93 113
97 110
106 105
109 93
112 89
118 80
123 73
127 65
133 52
136 46
137 37
138 28
138 20
131 13
122 8
107 4
103 4
86 2
78 1
71 1
62 1
49 4
41 8
31 13
23 20
14 31
8 40
4 46
2 54
1 62
1 71
3 79
7 85
15 90
30 96
39 98
49 102
58 106
65 108
71 111
72 120
70 130
64 138
56 147
51 153
47 158
