10 1601 1585 1576 1583 32 1588 1607 1740 1583 1740
1
112 85
106 94
100 100
94 104
85 107
78 110
69 113
60 117
53 121
44 125
36 131
30 138
23 145
19 150
14 157
18 154
25 146
31 143
39 138
47 134
58 126
64 122
70 118
78 110
85 104
91 96
98 90
103 83
107 76
113 66
117 57
120 50
121 42
121 33
121 25
119 17
112 10
103 4
95 2
83 1
72 1
62 1
54 4
45 10
38 14
30 22
23 29
20 35
14 43
9 51
4 59
3 66
1 77
1 85
3 92
9 99
19 104
27 107
35 110
37 118
36 127
35 132
32 139
26 145
21 149
15 153
