13 1587 1585 1608 1588 32 1578 1602 1740 32 1606 1688 1575 1583
5
182 52
175 58
169 63
162 67
154 70
146 70
137 70
130 70
122 68
116 70
113 76
108 81
101 85
94 87
93 71
84 70
87 65
94 64
92 71
87 76
81 80
73 82
112 15
105 22
100 29
94 35
88 40
80 45
73 47
66 50
58 50
50 49
53 56
54 63
52 69
48 77
44 80
37 83
29 83
22 82
17 77
14 70
13 62
14 53
62 19
70 18
73 12
73 4
66 1
62 5
61 13
63 19
3 36
3 47
3 54
3 63
2 72
2 80
2 88
1 96
6 101
13 101
20 100
34 98
52 95
61 94
70 94
80 93
89 92
99 92
105 92
119 92
131 92
142 93
149 94
157 94
163 95
169 98
