13 1587 1585 1608 1588 32 1578 1602 1740 32 1606 1688 1575 1583
5
166 61
163 68
157 70
150 72
147 79
144 84
139 87
133 85
127 86
122 93
117 101
113 106
107 109
101 112
93 113
104 75
95 74
92 66
94 60
101 58
104 63
104 72
103 78
99 83
92 87
85 90
82 42
79 48
73 50
70 46
66 51
59 52
59 52
60 61
61 69
60 77
57 84
53 89
47 92
39 94
32 94
26 91
22 83
21 74
21 66
22 58
26 51
53 19
62 19
67 11
68 4
63 1
55 2
52 8
51 15
11 44
11 54
11 62
11 69
11 78
9 88
8 95
5 102
2 108
1 115
7 120
14 122
25 123
37 121
50 121
70 121
84 121
98 123
114 126
120 126
148 129
162 130
172 130
182 130
187 130
193 129
