13 1587 1585 1608 1588 32 1578 1602 1740 32 1606 1688 1575 1583
7
171 77
166 84
159 86
155 81
149 85
143 85
143 85
140 90
133 91
127 95
123 100
119 106
116 112
110 117
102 119
94 119
99 87
91 87
91 81
96 78
100 82
100 90
97 98
93 102
89 107
83 109
75 109
126 29
121 37
115 44
110 48
103 52
95 55
86 58
79 59
71 59
68 63
68 71
66 79
62 84
57 90
51 94
44 97
36 97
30 94
22 88
20 82
19 73
19 66
22 59
25 54
74 21
83 22
79 2
6 56
6 66
6 73
6 82
6 89
6 98
4 105
2 113
1 121
5 125
13 128
22 130
32 130
42 130
52 130
63 130
76 131
91 132
100 134
108 135
118 135
129 135
142 135
152 134
159 134
165 133
173 133
