13 1587 1585 1608 1588 32 1578 1602 1740 32 1606 1688 1575 1583
7
172 46
171 54
166 57
160 53
157 56
152 58
149 52
151 58
144 59
136 63
130 67
124 74
118 79
111 86
105 89
114 59
106 57
102 51
106 47
112 50
111 58
105 64
99 69
92 71
84 72
86 43
81 49
74 50
71 44
68 48
61 50
58 47
59 55
59 63
58 71
53 77
46 81
38 84
31 84
24 81
19 75
15 67
15 60
16 51
18 44
22 36
61 14
82 15
73 2
6 26
5 37
5 45
5 53
5 61
5 69
4 77
2 85
2 92
1 100
2 108
7 113
15 115
25 116
34 116
49 116
56 116
69 115
84 114
99 113
106 113
121 113
129 112
138 112
148 111
158 111
167 111
177 111
185 110
191 109
196 108
