9 1593 1585 1601 1575 1606 32 1593 1585 1576
3
95 2
94 2
93 3
91 4
91 5
90 5
89 6
89 6
89 7
89 9
91 10
92 11
93 11
94 11
96 12
97 12
98 12
99 12
100 12
101 12
102 12
102 12
103 12
103 12
103 12
103 12
103 12
103 12
103 12
101 13
98 14
96 16
91 17
88 19
85 20
82 21
78 23
75 23
71 25
69 25
66 25
63 25
58 25
55 25
53 25
50 25
47 25
45 24
43 23
40 22
39 21
39 21
38 20
38 20
38 20
38 20
38 20
38 20
38 22
37 26
36 29
34 30
33 31
31 33
28 34
26 36
25 37
23 37
22 37
21 37
21 38
20 38
20 38
9946 9933
9946 9933
9946 9933
9946 9933
9946 9933
9946 9933
9946 9933
9946 9933
9946 9933
9946 9933
9946 9933
9946 9933
9946 9933
9946 9933
9946 9933
9946 9933
9946 9933
9946 9933
9946 9933
9946 9933
9946 9933
9946 9933
9946 9933
9946 9933
9946 9933
9946 9933
110 42
109 42
104 46
98 50
94 52
90 54
85 55
81 56
77 58
71 58
65 58
62 59
57 59
53 60
49 60
46 60
43 60
39 60
36 60
33 60
31 60
29 60
25 60
23 60
21 60
18 59
15 58
13 57
9 55
6 52
5 50
3 48
2 46
1 45
1 45
1 45
1 45
9946 9933
9946 9933
9946 9933
9946 9933
9946 9933
9946 9933
9946 9933
9946 9933
9946 9933
9946 9933
9946 9933
9946 9933
9946 9933
9946 9933
44 81
44 81
