10 1601 1585 1576 1583 32 1580 1604 1575 1604 1740
3
97 31
97 26
99 19
100 13
102 6
102 4
102 3
101 2
100 1
97 1
91 3
82 9
75 15
70 18
65 22
58 27
52 32
45 38
43 40
41 43
40 46
40 49
43 52
45 54
50 57
53 59
55 60
56 60
56 61
56 68
55 75
50 86
42 95
38 101
33 108
32 112
29 118
27 123
26 129
26 135
26 141
28 145
29 147
31 148
32 149
40 150
53 150
64 150
74 149
87 148
105 146
112 146
114 146
114 146
114 146
114 146
114 146
9970 9978
9970 9978
9970 9978
9970 9978
9970 9978
9970 9978
9970 9978
9970 9978
9970 9978
9970 9978
9970 9978
9970 9978
9970 9978
9970 9978
9970 9978
94 60
94 60
86 62
71 68
48 76
36 81
32 83
26 86
21 88
18 89
17 89
17 89
17 89
17 90
18 91
9970 9978
9970 9978
9970 9978
9970 9978
9970 9978
9970 9978
9970 9978
9970 9978
9970 9978
9970 9978
9970 9978
9970 9978
96 91
96 91
93 91
78 97
55 105
38 112
20 120
9 125
4 128
2 129
1 129
1 129
1 129
1 129
