8 1575 1605 1740 1583 32 1585 1575 1583
1
129 2
129 2
126 4
115 8
107 12
104 13
99 14
94 16
90 17
86 18
84 18
80 19
77 19
74 19
72 19
71 19
70 18
70 18
70 18
70 18
70 18
71 16
74 13
78 12
82 11
83 10
85 10
86 10
87 10
87 10
87 10
87 14
85 25
83 33
81 42
80 48
78 52
77 57
76 64
73 70
72 75
70 82
69 87
67 93
64 99
63 105
61 110
59 115
58 121
55 128
53 132
52 135
51 138
50 139
50 139
50 139
50 139
52 134
56 124
58 119
59 117
61 115
62 113
63 112
64 110
65 107
65 106
64 104
64 102
63 101
61 99
60 98
58 98
51 97
41 97
34 97
28 98
23 100
16 102
8 106
3 109
2 111
1 112
1 113
2 114
3 115
6 116
10 116
24 115
41 112
53 109
64 107
77 106
115 104
132 104
138 104
138 104
138 104
138 104
138 104
138 104
138 104
138 104
