8 1575 1605 1740 1583 32 1585 1575 1583
1
116 2
116 2
112 4
100 10
91 14
85 16
79 17
74 18
68 19
63 19
60 19
57 19
53 19
50 19
49 19
48 19
47 19
47 19
48 18
49 17
51 16
55 12
58 10
60 9
62 8
62 8
63 8
64 8
64 8
65 9
65 9
65 12
65 18
65 24
65 28
65 32
64 37
63 41
62 46
61 50
59 56
57 61
55 66
53 72
51 77
49 84
47 88
44 94
42 100
40 108
39 111
37 116
34 123
34 126
32 129
31 132
30 134
29 136
29 136
29 137
29 137
29 137
29 137
29 137
29 137
33 133
38 126
43 121
46 118
48 115
50 112
53 108
55 104
57 101
57 98
57 95
57 93
55 91
54 90
52 89
50 88
48 88
42 88
36 88
25 88
20 88
16 89
11 90
8 91
6 92
2 94
1 95
1 97
1 98
2 99
4 99
6 101
10 101
21 97
32 93
50 90
61 89
73 88
79 88
86 87
95 87
100 86
103 86
107 86
109 86
112 86
113 86
115 86
116 86
116 86
116 86
117 86
117 86
117 86
117 86
117 86
117 86
117 86
117 86
117 86
