8 1575 1605 1740 1583 32 1585 1575 1583
1
124 2
124 2
121 3
112 8
106 11
99 15
94 16
89 18
83 20
78 21
72 22
65 22
60 23
56 23
53 23
50 23
48 23
48 23
48 23
47 22
47 22
48 20
49 18
51 17
53 15
54 14
56 12
59 12
60 11
62 11
64 11
65 11
65 11
65 11
65 11
65 13
65 21
65 28
65 33
64 39
63 46
62 49
61 55
59 62
57 69
56 73
54 80
51 88
46 100
44 107
41 115
39 120
37 126
35 132
32 139
30 144
29 147
27 152
26 155
26 155
26 155
26 155
26 155
27 153
30 149
32 144
35 136
38 131
40 125
43 121
45 116
47 110
49 107
49 104
49 104
49 103
48 102
46 102
45 101
37 101
28 103
26 103
22 105
19 105
15 106
12 107
8 110
5 110
4 112
2 114
1 115
1 115
1 116
2 117
4 118
5 118
9 118
34 114
50 113
69 111
96 110
134 109
152 107
154 107
154 107
154 107
154 107
154 107
154 107
154 107
154 107
154 107
154 107
