11 1605 1575 1606 1740 32 1585 1608 1583 1587 1585 1740
2
2 56
2 56
2 56
2 56
15 43
29 28
32 23
36 16
37 13
39 9
40 7
40 7
40 7
40 8
37 19
33 31
32 35
32 38
32 40
32 41
32 41
32 41
37 35
45 26
52 15
57 6
60 2
62 1
62 1
62 1
63 1
63 6
60 23
50 45
44 61
41 73
40 81
39 86
39 87
39 87
39 87
9965 9926
9965 9926
9965 9926
9965 9926
9965 9926
9965 9926
9965 9926
9965 9926
9965 9926
9965 9926
9965 9926
9965 9926
9965 9926
9965 9926
9965 9926
72 8
74 5
75 5
78 5
81 5
83 5
86 6
88 8
89 11
89 21
88 26
82 34
77 38
73 42
70 43
67 43
64 43
62 43
62 43
62 43
62 43
62 43
64 45
74 53
76 56
78 61
80 68
81 79
83 85
86 88
89 90
92 90
102 90
108 88
109 87
109 87
109 87
109 87
109 87
109 87
