11 1605 1575 1606 1740 32 1585 1608 1583 1587 1585 1740
2
2 55
2 55
4 54
9 47
18 34
22 27
30 17
33 11
35 9
35 9
35 9
35 12
32 25
29 42
29 45
30 47
30 48
31 48
33 47
39 39
45 26
50 18
54 8
58 3
59 1
60 1
60 1
60 1
60 13
56 33
54 46
52 55
51 68
50 77
51 87
53 93
54 94
56 95
58 95
62 95
67 92
69 91
69 90
9960 9926
9960 9926
9960 9926
9960 9926
9960 9926
9960 9926
9960 9926
9960 9926
9960 9926
9960 9926
9960 9926
9960 9926
9960 9926
9960 9926
9960 9926
69 9
69 9
70 8
76 7
82 6
86 6
88 7
90 8
91 10
91 16
89 24
83 30
78 34
72 38
68 40
66 40
66 41
66 41
66 41
67 42
81 43
87 45
89 45
90 46
92 48
92 55
90 66
86 76
85 82
85 87
85 89
87 90
88 91
94 91
100 91
103 91
105 91
107 91
108 91
108 91
108 91
108 91
108 91
108 91
