10 1606 1575 1589 1585 32 1606 1605 1740 1606 1740
4
119 9
120 9
120 11
118 17
113 25
110 28
105 32
99 35
93 38
86 43
79 47
75 51
68 57
65 60
58 67
56 72
53 79
50 86
48 92
48 98
48 103
48 108
51 112
53 115
56 116
62 117
66 118
74 118
78 118
87 116
90 115
93 114
94 114
94 114
9965 9969
9965 9969
9965 9969
9965 9969
9965 9969
9965 9969
9965 9969
9965 9969
9965 9969
9965 9969
9965 9969
9965 9969
9965 9969
9965 9969
9965 9969
9965 9969
9965 9969
9965 9969
9965 9969
9965 9969
9965 9969
9965 9969
9965 9969
9965 9969
9965 9969
9965 9969
9965 9969
9965 9969
9965 9969
9965 9969
9965 9969
9965 9969
9965 9969
66 3
67 4
67 5
67 9
67 15
66 18
61 25
56 30
50 36
42 41
38 44
34 47
29 50
24 53
22 55
17 59
13 61
9 69
6 74
5 78
2 85
1 92
1 96
2 100
3 103
5 107
7 109
9 110
12 111
15 112
19 112
23 113
25 113
25 113
25 113
9965 9969
9965 9969
9965 9969
9965 9969
9965 9969
9965 9969
9965 9969
9965 9969
9965 9969
9965 9969
9965 9969
9965 9969
9965 9969
9965 9969
98 3
98 3
9965 9969
9965 9969
9965 9969
9965 9969
9965 9969
9965 9969
9965 9969
9965 9969
9965 9969
9965 9969
9965 9969
9965 9969
9965 9969
9965 9969
31 2
31 2
31 2
