10 1606 1575 1589 1585 32 1606 1605 1740 1606 1740
4
122 3
123 3
123 8
121 12
119 18
115 22
111 26
105 31
100 34
94 39
87 45
81 51
76 56
71 62
68 66
63 72
61 79
59 85
59 88
58 94
58 102
58 104
61 107
64 109
65 109
69 110
76 110
80 110
83 110
87 110
91 109
93 109
95 109
96 108
96 108
96 108
96 108
96 108
9962 9957
9962 9957
9962 9957
9962 9957
9962 9957
9962 9957
9962 9957
9962 9957
9962 9957
9962 9957
9962 9957
9962 9957
9962 9957
9962 9957
9962 9957
9962 9957
9962 9957
9962 9957
9962 9957
9962 9957
9962 9957
74 2
74 2
74 2
73 7
71 12
69 16
66 19
63 21
60 24
56 27
53 29
50 31
45 35
42 38
38 42
33 47
29 51
25 57
21 61
17 65
13 70
8 77
5 81
3 86
1 90
1 93
1 96
2 98
3 99
6 101
7 102
10 103
12 104
13 105
16 105
19 106
22 106
25 106
27 106
28 106
30 106
31 106
31 106
31 106
9962 9957
9962 9957
9962 9957
9962 9957
9962 9957
9962 9957
9962 9957
9962 9957
9962 9957
9962 9957
9962 9957
9962 9957
9962 9957
9962 9957
9962 9957
9962 9957
9962 9957
9962 9957
93 10
93 10
93 10
9962 9957
9962 9957
9962 9957
9962 9957
9962 9957
9962 9957
9962 9957
9962 9957
9962 9957
9962 9957
9962 9957
9962 9957
9962 9957
9962 9957
9962 9957
33 5
33 5
33 5
