10 1606 1575 1589 1585 32 1606 1605 1740 1606 1740
4
117 2
117 2
117 4
117 11
115 14
114 18
110 22
106 27
102 31
95 37
89 42
85 46
81 51
76 57
74 62
70 69
68 75
66 82
65 88
65 93
65 98
66 102
68 104
70 106
73 107
75 109
78 111
80 112
83 114
85 115
87 116
89 117
91 118
92 118
94 118
96 118
98 118
98 118
98 118
98 118
98 118
98 118
9955 9955
9955 9955
9955 9955
9955 9955
9955 9955
9955 9955
9955 9955
9955 9955
9955 9955
9955 9955
9955 9955
9955 9955
9955 9955
9955 9955
9955 9955
9955 9955
9955 9955
9955 9955
9955 9955
9955 9955
9955 9955
9955 9955
65 3
65 3
66 3
66 7
65 14
61 20
57 26
52 32
45 40
39 45
33 49
28 53
23 57
18 63
13 68
10 72
8 76
5 83
3 88
2 94
1 99
2 101
3 106
7 109
9 111
11 112
14 114
17 116
19 117
23 118
25 118
27 119
29 119
32 119
33 119
36 119
36 119
36 119
9955 9955
9955 9955
9955 9955
9955 9955
9955 9955
9955 9955
9955 9955
9955 9955
9955 9955
9955 9955
9955 9955
9955 9955
9955 9955
9955 9955
9955 9955
9955 9955
84 3
84 3
9955 9955
9955 9955
9955 9955
9955 9955
9955 9955
9955 9955
9955 9955
9955 9955
9955 9955
9955 9955
9955 9955
9955 9955
26 6
26 6
