10 1570 1585 1575 1606 32 1605 1581 1587 1606 1740
6
86 23
86 23
86 25
85 37
85 50
84 59
84 63
84 68
84 71
84 72
84 72
84 72
84 72
84 72
9930 9943
9930 9943
9930 9943
9930 9943
9930 9943
9930 9943
9930 9943
9930 9943
9930 9943
9930 9943
9930 9943
9930 9943
9930 9943
9930 9943
9930 9943
73 47
71 48
67 56
63 63
61 66
58 68
55 71
52 73
51 74
50 75
48 78
47 78
47 78
47 78
9930 9943
9930 9943
9930 9943
9930 9943
9930 9943
9930 9943
9930 9943
9930 9943
9930 9943
9930 9943
9930 9943
9930 9943
9930 9943
9930 9943
9930 9943
9930 9943
45 17
45 17
45 25
43 39
40 59
40 64
40 69
40 71
40 73
40 73
40 73
40 73
9930 9943
9930 9943
9930 9943
9930 9943
9930 9943
9930 9943
9930 9943
9930 9943
9930 9943
9930 9943
9930 9943
9930 9943
9930 9943
9930 9943
9930 9943
9930 9943
30 46
30 46
28 50
23 55
18 61
14 65
12 68
9 73
6 76
4 78
2 80
2 80
1 80
1 80
1 80
9930 9943
9930 9943
9930 9943
9930 9943
9930 9943
9930 9943
9930 9943
9930 9943
9930 9943
9930 9943
5 41
5 41
9930 9943
9930 9943
9930 9943
9930 9943
9930 9943
9930 9943
9930 9943
9930 9943
9930 9943
9930 9943
9930 9943
9930 9943
9930 9943
9930 9943
9930 9943
9930 9943
9930 9943
9930 9943
40 4
42 4
47 5
70 4
90 3
96 2
100 2
102 2
102 2
102 2
102 2
102 1
