9 1593 1585 1601 1575 1606 32 1593 1585 1576
3
89 2
88 2
87 2
87 2
86 3
86 5
85 6
85 7
85 8
86 8
88 10
89 11
90 11
92 11
93 11
95 11
95 11
96 11
97 11
97 11
98 11
98 11
98 11
99 11
99 11
99 11
99 11
99 11
99 11
99 11
99 11
99 11
99 11
99 11
99 11
99 11
98 11
96 11
92 11
89 13
85 14
81 15
78 16
74 17
72 18
68 19
66 19
63 19
60 19
57 19
52 19
48 19
44 19
41 19
38 19
35 18
33 17
32 16
31 16
30 16
29 16
29 15
29 15
29 15
29 15
29 15
29 15
29 15
29 15
29 15
28 17
27 18
26 20
25 20
24 21
21 23
20 24
17 25
15 26
13 27
10 28
8 28
8 28
7 28
7 28
9943 9967
9943 9967
9943 9967
9943 9967
9943 9967
9943 9967
9943 9967
9943 9967
9943 9967
9943 9967
9943 9967
9943 9967
9943 9967
9943 9967
9943 9967
9943 9967
9943 9967
9943 9967
9943 9967
9943 9967
9943 9967
9943 9967
9943 9967
9943 9967
9943 9967
9943 9967
9943 9967
9943 9967
9943 9967
9943 9967
9943 9967
9943 9967
9943 9967
9943 9967
9943 9967
9943 9967
9943 9967
9943 9967
9943 9967
9943 9967
9943 9967
109 23
109 23
109 23
109 25
107 28
106 30
105 31
102 33
100 35
97 37
95 38
91 40
87 41
83 43
78 44
74 45
69 45
65 45
59 46
56 46
49 47
46 47
40 47
37 47
31 47
25 47
21 47
18 46
15 46
12 46
9 45
8 45
7 44
6 43
4 42
3 41
3 39
2 38
2 37
1 37
1 37
1 37
1 37
1 37
9943 9967
9943 9967
9943 9967
9943 9967
9943 9967
9943 9967
9943 9967
9943 9967
9943 9967
9943 9967
9943 9967
9943 9967
9943 9967
9943 9967
9943 9967
9943 9967
9943 9967
9943 9967
9943 9967
51 66
51 66
