10 1570 1585 1575 1606 32 1605 1581 1587 1606 1740
6
93 22
93 22
94 25
94 34
94 47
95 56
95 66
96 71
97 72
97 72
97 72
9939 9938
9939 9938
9939 9938
9939 9938
9939 9938
9939 9938
9939 9938
9939 9938
9939 9938
9939 9938
9939 9938
9939 9938
9939 9938
9939 9938
9939 9938
78 46
78 46
77 48
71 59
66 68
61 74
58 79
54 83
53 86
52 86
52 86
52 86
52 86
9939 9938
9939 9938
9939 9938
9939 9938
9939 9938
9939 9938
9939 9938
9939 9938
9939 9938
9939 9938
9939 9938
9939 9938
9939 9938
9939 9938
9939 9938
45 26
45 26
45 26
46 27
46 30
46 42
46 52
46 62
46 67
46 71
46 74
46 76
46 76
46 76
9939 9938
9939 9938
9939 9938
9939 9938
9939 9938
9939 9938
9939 9938
9939 9938
9939 9938
9939 9938
9939 9938
9939 9938
9939 9938
9939 9938
34 50
33 51
29 58
22 67
14 76
10 80
6 84
5 85
3 86
2 88
2 88
2 88
2 88
9939 9938
9939 9938
9939 9938
9939 9938
9939 9938
9939 9938
9939 9938
9939 9938
3 52
3 52
9939 9938
9939 9938
9939 9938
9939 9938
9939 9938
9939 9938
9939 9938
9939 9938
9939 9938
9939 9938
9939 9938
9939 9938
9939 9938
9939 9938
9939 9938
9939 9938
9939 9938
9939 9938
41 7
47 8
69 7
84 4
91 3
95 3
99 3
104 3
105 3
105 3
