10 1570 1585 1575 1606 32 1605 1581 1587 1606 1740
6
97 25
97 25
98 30
98 43
96 55
96 62
96 69
96 74
96 79
96 80
96 80
96 80
9944 9948
9944 9948
9944 9948
9944 9948
9944 9948
9944 9948
9944 9948
9944 9948
9944 9948
9944 9948
9944 9948
9944 9948
9944 9948
82 54
82 54
78 59
74 65
65 75
60 83
58 85
55 87
54 87
54 87
54 87
54 87
9944 9948
9944 9948
9944 9948
9944 9948
9944 9948
9944 9948
9944 9948
9944 9948
9944 9948
9944 9948
9944 9948
9944 9948
9944 9948
9944 9948
48 21
48 21
48 30
46 51
43 67
42 74
42 82
42 84
42 87
42 89
42 89
42 89
9944 9948
9944 9948
9944 9948
9944 9948
9944 9948
9944 9948
9944 9948
9944 9948
9944 9948
9944 9948
9944 9948
9944 9948
9944 9948
33 57
33 57
31 59
22 70
16 77
10 83
5 87
3 89
1 90
1 90
1 90
1 90
1 90
9944 9948
9944 9948
9944 9948
9944 9948
9944 9948
9944 9948
9944 9948
9944 9948
9944 9948
9944 9948
9944 9948
9944 9948
9944 9948
9944 9948
9944 9948
9944 9948
9944 9948
4 52
4 52
9944 9948
9944 9948
9944 9948
9944 9948
9944 9948
9944 9948
9944 9948
9944 9948
9944 9948
9944 9948
9944 9948
9944 9948
9944 9948
9944 9948
9944 9948
9944 9948
9944 9948
9944 9948
9944 9948
9944 9948
9944 9948
9944 9948
9944 9948
9944 9948
9944 9948
9944 9948
52 6
55 6
62 4
85 1
99 1
106 1
112 1
115 1
115 1
115 1
115 1
