10 1587 1585 1608 1588 32 1581 1605 1740 1583 1740
5
145 44
145 44
145 46
145 48
145 49
144 50
143 50
142 50
141 50
139 50
137 49
137 48
136 47
136 47
136 47
136 47
136 47
136 48
135 49
133 49
133 49
132 49
129 49
127 48
127 47
126 47
126 47
126 47
126 47
126 47
127 48
127 51
127 54
127 56
127 58
125 62
122 65
119 67
112 70
106 71
93 73
84 74
72 74
61 74
52 74
46 74
41 74
39 73
39 73
39 73
39 73
9968 9971
9968 9971
9968 9971
9968 9971
9968 9971
9968 9971
9968 9971
9968 9971
9968 9971
9968 9971
9968 9971
9968 9971
9968 9971
9968 9971
9968 9971
9968 9971
9968 9971
9968 9971
9968 9971
9968 9971
9968 9971
111 48
111 48
111 48
111 50
109 55
108 56
107 56
106 57
104 59
101 60
96 61
92 62
85 62
81 62
77 62
70 62
62 62
56 62
49 62
44 62
39 62
35 62
34 62
33 62
33 62
33 62
33 62
9968 9971
9968 9971
9968 9971
9968 9971
9968 9971
9968 9971
9968 9971
9968 9971
9968 9971
9968 9971
9968 9971
9968 9971
9968 9971
9968 9971
9968 9971
9968 9971
9968 9971
9968 9971
9968 9971
90 47
90 47
88 47
86 47
83 47
83 47
83 47
83 47
83 47
83 46
84 45
85 43
85 43
86 42
86 42
86 42
87 42
88 42
88 42
90 42
90 42
91 44
91 45
91 46
90 50
89 50
87 52
85 53
81 54
78 54
75 55
69 55
66 55
60 55
52 55
48 54
42 54
36 54
33 54
31 54
28 54
26 54
25 54
25 54
25 54
25 54
9968 9971
9968 9971
9968 9971
9968 9971
9968 9971
9968 9971
9968 9971
9968 9971
9968 9971
9968 9971
9968 9971
9968 9971
9968 9971
9968 9971
9968 9971
9968 9971
9968 9971
9968 9971
9968 9971
9968 9971
9968 9971
9968 9971
9968 9971
9968 9971
9968 9971
9968 9971
9968 9971
9968 9971
75 27
75 27
75 27
74 29
72 30
71 32
70 32
68 32
67 33
67 33
66 33
65 32
64 32
64 31
64 30
64 30
64 30
64 30
64 30
64 30
64 31
61 32
59 34
59 34
58 34
58 34
56 34
56 34
55 32
55 30
55 28
55 28
55 28
55 28
55 28
55 30
55 31
55 34
54 36
53 37
51 38
49 38
46 40
43 40
38 40
33 41
30 42
26 42
22 42
18 43
16 43
13 43
10 43
8 43
6 43
5 43
4 43
3 43
2 43
2 43
1 42
1 41
1 41
1 41
1 40
1 40
1 40
1 40
1 39
9968 9971
9968 9971
9968 9971
9968 9971
9968 9971
9968 9971
9968 9971
9968 9971
9968 9971
9968 9971
9968 9971
9968 9971
9968 9971
9968 9971
9968 9971
9968 9971
9968 9971
9968 9971
9968 9971
9968 9971
61 12
62 12
64 12
66 12
69 9
69 7
69 5
68 4
66 2
64 1
61 1
60 1
58 3
57 5
57 7
57 7
58 8
58 8
59 8
