10 1587 1585 1608 1588 32 1581 1605 1740 1583 1740
5
125 43
126 44
126 46
124 49
123 50
122 51
122 51
121 51
121 51
119 51
117 49
117 48
117 44
117 42
117 40
117 40
117 40
117 40
117 41
114 46
112 51
111 51
111 51
111 51
109 51
108 51
107 50
107 47
107 46
107 46
107 46
107 46
107 46
107 46
107 46
107 50
106 53
106 55
106 56
106 58
105 59
103 64
100 66
97 69
92 75
86 78
83 79
78 81
74 81
66 81
58 83
51 83
47 83
42 83
38 83
34 83
32 83
30 83
28 83
27 82
26 82
25 81
24 81
24 81
24 81
9950 9955
9950 9955
9950 9955
9950 9955
9950 9955
9950 9955
9950 9955
9950 9955
9950 9955
9950 9955
9950 9955
9950 9955
9950 9955
9950 9955
9950 9955
9950 9955
9950 9955
9950 9955
9950 9955
9950 9955
9950 9955
94 48
94 48
93 49
89 53
85 58
80 61
76 63
73 64
70 65
67 66
66 67
61 67
58 67
54 67
50 67
48 67
44 68
41 69
38 69
35 69
33 69
31 69
30 69
29 69
29 69
28 69
28 69
27 69
9950 9955
9950 9955
9950 9955
9950 9955
9950 9955
9950 9955
9950 9955
9950 9955
9950 9955
9950 9955
9950 9955
9950 9955
9950 9955
9950 9955
9950 9955
9950 9955
9950 9955
9950 9955
9950 9955
9950 9955
9950 9955
9950 9955
9950 9955
9950 9955
9950 9955
9950 9955
9950 9955
9950 9955
9950 9955
9950 9955
9950 9955
9950 9955
9950 9955
9950 9955
66 46
66 46
65 46
64 46
64 46
63 46
63 45
63 44
63 42
63 40
63 40
63 40
63 40
64 40
66 39
66 39
67 39
69 39
69 39
70 39
70 39
71 40
71 43
71 45
71 49
70 50
69 50
67 53
66 53
64 54
61 55
59 56
57 56
53 56
50 56
47 57
45 57
42 57
39 57
35 58
31 59
27 59
25 59
22 59
17 59
16 59
15 59
15 59
15 59
9950 9955
9950 9955
9950 9955
9950 9955
9950 9955
9950 9955
9950 9955
9950 9955
9950 9955
9950 9955
9950 9955
9950 9955
9950 9955
9950 9955
9950 9955
9950 9955
9950 9955
9950 9955
45 24
45 24
45 24
45 26
44 28
42 29
41 30
41 30
41 30
41 30
40 30
38 30
38 30
38 28
37 27
37 27
36 26
36 26
36 26
36 26
36 26
36 27
34 29
34 29
34 29
33 29
32 29
32 29
30 28
30 28
30 28
29 27
29 27
29 27
29 27
29 27
29 27
31 27
32 29
32 31
32 34
31 36
30 37
29 38
28 40
25 41
23 42
20 43
16 44
13 44
10 45
7 45
6 45
5 45
4 45
3 43
3 41
2 39
2 36
1 34
1 30
1 29
1 27
1 26
1 25
9950 9955
9950 9955
9950 9955
9950 9955
9950 9955
9950 9955
9950 9955
9950 9955
9950 9955
9950 9955
9950 9955
9950 9955
9950 9955
9950 9955
9950 9955
31 12
31 12
33 12
33 12
34 12
34 12
35 11
35 8
35 5
35 3
35 3
33 2
32 1
32 1
31 1
30 4
27 10
26 12
26 13
26 14
28 15
