11 1601 1585 1586 1575 1583 32 1581 1580 1575 1586 1740
1
83 96
82 96
77 101
68 108
60 113
54 118
46 124
38 129
35 131
30 135
27 137
25 139
24 140
24 140
23 140
23 140
23 140
24 140
39 131
47 125
56 119
61 117
68 109
72 104
77 96
82 87
88 75
96 60
102 44
108 31
109 18
109 13
106 10
102 7
96 5
83 1
64 1
50 5
34 15
28 18
13 37
3 58
1 77
3 87
7 91
13 94
17 97
22 100
34 107
40 109
42 111
44 112
45 113
45 116
43 120
36 128
29 133
25 136
24 137
23 137
23 137
23 137
23 137
23 138
23 138
