11 1601 1585 1586 1575 1583 32 1581 1580 1575 1586 1740
1
67 93
67 93
62 96
56 100
44 108
41 110
34 114
30 116
20 120
15 123
11 125
7 127
5 128
5 128
5 128
5 128
5 128
11 127
22 121
34 115
40 111
45 108
49 104
58 97
60 95
66 87
71 79
75 69
81 57
87 43
90 29
90 20
89 14
86 10
80 6
77 4
65 1
54 1
37 3
29 7
19 15
12 23
5 33
1 40
1 49
1 56
3 63
8 70
11 74
15 78
19 83
23 87
26 92
31 100
33 104
34 107
34 111
34 114
32 119
28 122
22 127
13 131
8 134
7 135
7 135
7 135
7 135
7 135
7 135
