11 1601 1585 1586 1575 1583 32 1581 1580 1575 1586 1740
1
70 96
67 97
61 102
54 107
48 111
45 113
41 116
37 119
33 121
29 123
25 126
21 128
18 129
15 131
13 132
12 133
10 133
10 134
10 134
10 134
10 134
13 133
24 126
32 119
37 115
41 112
46 108
52 103
59 96
64 92
70 84
78 76
82 68
87 60
93 48
96 37
97 28
97 22
95 19
92 17
85 13
73 5
64 2
58 1
42 2
34 5
23 11
15 17
11 21
6 28
3 36
1 43
1 51
1 59
3 65
6 73
9 78
12 83
16 88
21 93
21 96
24 101
26 107
27 111
27 114
24 118
22 120
19 124
17 127
14 130
12 132
11 133
10 133
9 134
9 134
9 134
9 134
9 134
9 134
