13 1662 1608 1740 1575 1606 32 1588 1580 1575 1593 1740 1575 1606
6
137 30
137 30
137 30
137 34
135 37
133 39
132 40
130 43
127 44
124 46
120 48
116 50
111 52
107 53
103 55
99 56
96 57
93 58
91 58
87 59
84 59
81 60
76 60
73 60
70 60
68 60
64 60
63 60
61 60
60 60
59 60
58 60
58 60
57 60
57 60
57 60
9951 9930
9951 9930
9951 9930
9951 9930
9951 9930
9951 9930
9951 9930
9951 9930
9951 9930
9951 9930
9951 9930
9951 9930
9951 9930
9951 9930
9951 9930
9951 9930
9951 9930
9951 9930
9951 9930
9951 9930
9951 9930
9951 9930
9951 9930
9951 9930
9951 9930
9951 9930
9951 9930
9951 9930
9951 9930
9951 9930
9951 9930
9951 9930
9951 9930
9951 9930
9951 9930
9951 9930
9951 9930
9951 9930
9951 9930
9951 9930
9951 9930
9951 9930
9951 9930
9951 9930
9951 9930
106 15
106 15
104 20
100 24
96 27
93 30
91 31
88 32
83 35
79 37
76 38
71 40
68 40
65 42
62 42
59 43
57 43
55 43
53 44
50 44
49 44
47 44
46 44
44 44
42 44
42 44
42 43
41 43
41 43
40 43
40 43
40 43
40 43
40 43
40 43
40 43
40 46
40 49
40 51
39 54
38 57
37 59
36 61
35 63
34 64
32 65
30 67
28 68
25 69
22 69
18 70
16 70
15 70
13 70
11 70
9 69
8 69
6 67
5 65
4 64
3 63
3 60
2 58
1 56
1 55
1 53
1 51
1 50
1 48
2 47
2 47
3 46
3 45
3 44
3 44
4 43
4 43
9951 9930
9951 9930
9951 9930
9951 9930
9951 9930
9951 9930
9951 9930
9951 9930
9951 9930
9951 9930
9951 9930
9951 9930
9951 9930
9951 9930
9951 9930
9951 9930
9951 9930
9951 9930
9951 9930
9951 9930
9951 9930
9951 9930
9951 9930
9951 9930
89 75
89 75
91 75
93 75
95 75
97 75
100 75
102 75
9951 9930
9951 9930
9951 9930
9951 9930
9951 9930
9951 9930
9951 9930
9951 9930
9951 9930
98 81
98 81
98 81
9951 9930
9951 9930
9951 9930
9951 9930
9951 9930
9951 9930
9951 9930
9951 9930
9951 9930
9951 9930
9951 9930
9951 9930
9951 9930
9951 9930
9951 9930
9951 9930
70 16
70 16
71 16
72 18
74 18
76 19
77 19
77 19
78 19
80 19
9951 9930
9951 9930
9951 9930
9951 9930
9951 9930
9951 9930
9951 9930
9951 9930
74 2
74 2
74 2
