13 1662 1608 1740 1575 1606 32 1588 1580 1575 1593 1740 1575 1606
6
142 15
142 15
142 15
142 17
142 18
141 21
139 22
138 24
135 26
134 28
131 30
127 32
123 35
121 36
117 39
113 41
111 42
107 44
103 46
100 47
98 48
94 49
91 50
88 51
85 51
82 52
79 53
77 53
75 53
72 53
70 53
68 53
67 53
65 53
64 53
63 53
63 53
63 53
63 53
9952 9909
9952 9909
9952 9909
9952 9909
9952 9909
9952 9909
9952 9909
9952 9909
9952 9909
9952 9909
9952 9909
9952 9909
9952 9909
9952 9909
9952 9909
9952 9909
9952 9909
9952 9909
9952 9909
9952 9909
9952 9909
9952 9909
9952 9909
9952 9909
9952 9909
9952 9909
118 2
118 2
118 2
116 5
110 10
107 13
102 17
99 20
95 23
91 26
88 28
83 31
79 32
75 34
70 36
67 37
64 37
61 38
60 38
58 38
57 38
55 38
54 38
53 38
52 38
52 38
51 38
49 38
49 38
47 38
47 37
46 37
45 37
44 36
44 36
44 36
44 36
44 36
44 36
44 36
44 39
44 42
43 45
42 48
41 50
40 53
39 54
37 56
36 58
35 60
32 61
30 63
28 64
26 64
23 65
20 65
18 66
14 67
11 67
10 67
8 67
7 67
6 67
4 65
3 64
3 63
2 59
2 55
1 52
1 49
1 46
1 45
2 44
2 43
3 41
4 41
6 40
6 40
7 39
9952 9909
9952 9909
9952 9909
9952 9909
9952 9909
9952 9909
9952 9909
9952 9909
9952 9909
9952 9909
9952 9909
9952 9909
9952 9909
9952 9909
9952 9909
9952 9909
9952 9909
9952 9909
9952 9909
97 77
99 77
101 77
104 77
108 77
112 77
114 77
114 77
9952 9909
9952 9909
9952 9909
9952 9909
9952 9909
9952 9909
9952 9909
9952 9909
9952 9909
9952 9909
9952 9909
108 83
108 83
9952 9909
9952 9909
9952 9909
9952 9909
9952 9909
9952 9909
9952 9909
9952 9909
9952 9909
9952 9909
9952 9909
9952 9909
9952 9909
9952 9909
9952 9909
9952 9909
9952 9909
9952 9909
9952 9909
9952 9909
74 10
76 11
79 11
82 11
83 11
85 10
85 10
85 10
9952 9909
9952 9909
9952 9909
9952 9909
9952 9909
9952 9909
9952 9909
82 2
82 2
82 2
