10 1601 1585 1576 1583 32 1606 1608 1575 1576 1740
1
2 86
2 86
2 85
2 82
5 75
9 71
13 66
17 60
22 55
29 46
35 39
39 33
41 29
43 23
43 19
43 14
41 8
39 4
37 3
35 2
34 1
31 1
28 2
22 8
18 12
16 18
15 23
15 35
15 41
19 56
22 67
26 75
28 83
30 91
32 98
33 105
34 115
34 119
34 125
33 134
31 138
30 141
29 149
28 152
27 152
27 152
27 152
27 152
27 152
27 152
27 152
27 149
30 146
34 141
37 135
39 132
42 129
45 125
46 123
46 123
46 123
45 123
40 129
35 134
32 140
31 142
30 144
30 145
29 146
29 146
28 147
28 147
28 147
28 147
27 147
26 146
24 140
21 132
19 128
18 126
16 122
14 121
13 120
13 120
13 119
13 119
13 119
13 119
