9 1593 1585 1601 1575 1606 32 1593 1585 1576
3
86 4
86 4
86 4
86 4
86 4
86 3
86 3
86 2
85 2
84 1
83 1
82 1
82 1
80 2
79 2
78 4
78 4
78 5
77 7
76 9
76 9
76 10
77 11
79 12
80 12
81 12
81 12
82 12
83 12
85 12
86 12
87 11
87 11
89 11
90 10
91 10
92 10
92 10
92 10
92 10
92 10
92 10
92 10
92 10
92 10
91 10
91 10
90 11
88 11
87 12
87 12
86 13
85 13
84 13
83 14
82 14
82 14
81 14
80 15
79 15
78 15
76 16
76 16
74 16
74 16
71 16
68 16
65 16
63 17
60 17
58 17
55 17
53 18
50 18
48 18
45 19
44 19
41 19
39 19
37 19
36 19
34 19
32 19
31 18
29 17
29 17
28 17
28 17
27 17
26 16
26 16
25 16
25 15
25 15
25 15
25 15
25 15
25 15
25 15
25 15
25 15
25 15
24 16
22 19
21 22
20 24
19 25
18 26
16 28
14 29
13 30
11 31
9 32
7 33
7 33
6 33
5 33
5 33
5 33
5 33
9945 9966
9945 9966
9945 9966
9945 9966
9945 9966
9945 9966
9945 9966
9945 9966
9945 9966
9945 9966
9945 9966
9945 9966
9945 9966
9945 9966
9945 9966
9945 9966
9945 9966
9945 9966
9945 9966
9945 9966
9945 9966
9945 9966
9945 9966
9945 9966
106 33
106 33
106 33
104 33
101 35
97 38
96 39
93 41
90 42
88 43
85 45
81 48
77 49
73 51
69 52
65 54
61 56
58 57
56 57
52 59
48 59
45 59
42 59
40 59
36 59
34 60
31 60
29 60
26 60
23 60
21 60
19 60
16 60
13 60
11 59
9 58
7 57
6 56
6 56
4 54
3 53
2 52
1 51
1 50
1 50
1 50
1 49
1 49
9945 9966
9945 9966
9945 9966
9945 9966
9945 9966
9945 9966
9945 9966
9945 9966
9945 9966
9945 9966
9945 9966
9945 9966
9945 9966
9945 9966
9945 9966
9945 9966
31 75
31 75
31 75
