10 1601 1585 1576 1583 32 1606 1608 1575 1576 1740
1
1 100
1 99
2 95
6 87
10 79
14 72
18 64
22 59
27 51
32 41
35 32
37 24
37 16
37 10
36 6
33 3
31 2
30 1
29 1
27 1
25 2
23 5
19 11
17 15
16 19
16 23
16 28
16 37
16 47
18 54
20 57
22 65
24 70
26 76
29 83
30 88
31 96
32 104
32 110
32 115
32 121
32 126
32 129
31 136
30 139
29 144
27 149
26 151
26 151
26 151
26 151
26 151
26 151
28 147
33 141
36 137
40 131
44 127
48 121
50 118
51 116
51 116
51 116
51 115
49 115
42 123
36 130
33 134
32 137
29 140
28 142
28 143
27 143
27 143
27 143
27 143
27 143
27 143
26 141
26 137
24 131
23 129
21 127
19 125
18 123
16 122
16 122
15 120
15 119
15 119
15 119
15 119
15 119
