10 1601 1585 1576 1583 32 1606 1608 1575 1576 1740
1
2 94
2 94
2 94
2 94
2 94
2 92
3 87
4 81
6 78
6 76
9 73
12 70
16 64
19 59
23 54
25 50
27 45
29 38
29 31
30 23
30 14
30 9
28 4
26 2
24 1
23 1
22 1
19 1
16 1
15 1
12 2
10 3
8 5
5 7
3 9
2 12
1 15
1 17
1 20
1 25
1 28
2 33
4 40
5 44
6 48
8 53
11 58
12 63
14 65
16 70
18 74
19 78
21 85
23 92
23 95
23 98
23 100
23 105
23 108
22 116
22 121
21 125
20 129
20 132
19 134
19 135
19 135
19 136
19 137
19 137
19 137
19 137
19 137
19 137
23 133
26 129
30 124
32 121
34 119
35 118
36 117
36 117
36 117
36 117
36 117
33 117
29 122
24 127
21 130
20 132
19 133
19 134
19 134
18 135
18 135
18 135
18 135
18 135
18 135
17 135
15 132
13 128
12 125
11 123
10 121
9 120
9 118
8 117
8 116
8 116
8 116
8 116
8 116
