9 1593 1605 1575 1583 32 1602 1589 1575 1576
4
86 49
85 49
84 49
82 49
81 48
80 47
79 47
79 46
79 46
79 46
80 46
82 45
84 43
84 43
84 43
84 43
85 43
85 43
85 43
86 43
87 44
87 45
88 46
88 48
88 50
88 51
88 53
87 54
86 56
85 57
84 58
83 59
81 60
80 61
77 62
75 63
74 63
71 64
70 65
67 65
65 65
63 65
61 66
59 66
58 66
58 66
58 66
58 66
58 66
58 66
58 66
60 64
62 62
64 60
65 59
66 57
66 57
67 57
67 57
68 56
69 56
69 56
69 56
70 56
70 56
70 56
71 56
71 56
71 56
71 56
72 57
72 58
72 59
72 60
71 62
71 63
70 63
69 64
67 65
66 66
66 66
65 66
64 66
62 66
62 66
61 66
60 66
59 66
59 66
58 66
58 66
58 66
57 65
57 65
56 65
56 65
55 65
55 65
55 65
55 65
55 65
55 65
54 65
53 65
51 65
51 66
50 66
49 66
48 67
47 67
46 67
45 67
45 67
43 67
43 67
42 67
42 65
41 65
41 63
41 61
41 57
41 55
41 52
41 50
41 48
41 45
41 43
41 41
42 38
42 35
42 32
43 29
43 28
43 27
43 27
43 27
9907 9944
9907 9944
9907 9944
9907 9944
9907 9944
9907 9944
9907 9944
9907 9944
9907 9944
9907 9944
9907 9944
9907 9944
9907 9944
9907 9944
9907 9944
9907 9944
9907 9944
9907 9944
9907 9944
9907 9944
9907 9944
9907 9944
9907 9944
9907 9944
9907 9944
9907 9944
9907 9944
9907 9944
9907 9944
9907 9944
9907 9944
61 3
61 3
60 3
58 5
54 7
50 8
46 10
42 11
39 12
35 13
31 13
26 13
22 14
19 14
16 14
14 14
11 13
8 13
6 11
5 10
3 10
2 9
2 8
1 7
1 6
1 5
1 3
1 2
1 1
1 1
9907 9944
9907 9944
9907 9944
9907 9944
9907 9944
9907 9944
9907 9944
9907 9944
9907 9944
9907 9944
9907 9944
9907 9944
9907 9944
9907 9944
23 31
23 31
9907 9944
9907 9944
9907 9944
9907 9944
9907 9944
9907 9944
9907 9944
9907 9944
9907 9944
9907 9944
9907 9944
9907 9944
9907 9944
9907 9944
9907 9944
9907 9944
9907 9944
76 6
77 6
81 6
89 6
97 6
108 7
