9 1593 1605 1575 1583 32 1602 1589 1575 1576
4
93 53
93 53
93 53
91 53
89 51
88 50
88 50
87 49
87 48
87 46
87 43
88 42
88 42
89 42
90 42
90 42
91 42
92 42
92 42
94 44
94 44
94 46
95 50
95 52
95 55
94 56
94 58
92 59
91 60
90 61
88 63
86 64
82 66
80 66
78 66
76 67
74 67
71 68
69 68
67 68
65 68
65 68
64 68
64 68
64 68
64 68
64 68
65 65
66 63
68 61
69 60
70 59
71 58
72 57
73 57
74 57
75 56
75 56
76 56
77 56
78 56
78 56
79 56
79 57
80 57
80 60
79 63
77 66
76 68
74 69
73 70
72 71
71 71
71 71
69 71
69 71
67 71
67 71
65 71
64 70
64 69
63 69
63 69
63 68
62 68
61 68
61 68
61 68
61 68
60 68
60 68
60 68
60 68
60 68
60 68
59 68
59 68
58 68
55 71
54 73
53 73
52 74
51 74
50 75
49 75
48 75
47 76
46 76
44 76
43 76
42 76
42 75
41 74
41 71
41 65
41 59
41 57
42 54
43 51
44 49
45 46
45 46
45 45
45 45
9929 9950
9929 9950
9929 9950
9929 9950
9929 9950
9929 9950
9929 9950
9929 9950
9929 9950
9929 9950
9929 9950
9929 9950
9929 9950
9929 9950
9929 9950
9929 9950
9929 9950
9929 9950
63 18
63 18
63 18
59 20
55 24
50 26
47 27
43 29
38 31
35 31
30 33
26 33
22 33
16 33
13 33
11 33
8 33
6 32
5 32
4 31
3 30
2 28
2 26
1 23
1 22
1 21
1 20
1 20
9929 9950
9929 9950
9929 9950
9929 9950
9929 9950
9929 9950
9929 9950
9929 9950
9929 9950
9929 9950
9929 9950
15 47
15 47
15 47
9929 9950
9929 9950
9929 9950
9929 9950
9929 9950
9929 9950
9929 9950
9929 9950
9929 9950
9929 9950
9929 9950
9929 9950
9929 9950
9929 9950
9929 9950
9929 9950
9929 9950
85 2
85 2
85 2
88 2
92 2
96 2
101 3
