11 1570 1585 1605 1575 1606 32 1588 1585 1740 1601 1740
6
116 19
116 19
116 19
115 22
113 25
111 28
109 30
108 31
104 34
101 36
98 37
95 39
90 41
86 43
83 44
79 45
76 45
73 45
71 45
68 45
64 45
62 45
59 45
57 45
56 45
54 45
54 45
54 45
54 45
54 45
54 45
54 45
54 45
54 47
54 48
54 49
53 51
52 52
51 53
50 54
48 55
47 56
46 57
43 58
42 59
39 59
39 60
37 60
36 60
35 60
34 60
34 60
34 60
34 60
34 60
9927 9948
9927 9948
9927 9948
9927 9948
9927 9948
9927 9948
9927 9948
9927 9948
9927 9948
9927 9948
9927 9948
9927 9948
9927 9948
9927 9948
9927 9948
9927 9948
9927 9948
9927 9948
9927 9948
9927 9948
9927 9948
44 27
44 27
44 27
44 29
44 32
44 35
42 37
41 38
39 40
38 40
37 40
36 40
35 40
34 40
33 39
33 39
33 39
33 38
33 38
33 35
33 35
33 34
33 33
33 33
34 32
34 31
34 31
35 31
36 31
37 31
37 31
37 31
37 31
38 32
38 32
38 33
38 34
38 36
38 36
38 37
38 37
37 38
37 38
37 39
35 40
35 41
34 41
33 42
31 42
30 44
28 45
26 45
23 46
21 48
19 48
18 49
15 50
14 50
11 53
10 54
7 57
6 57
5 59
4 61
2 63
1 66
1 66
1 68
1 69
1 72
3 74
4 74
7 75
10 75
13 75
20 75
26 75
33 75
40 75
48 74
58 74
67 74
75 74
85 74
93 74
100 75
104 76
106 77
107 77
107 77
107 77
107 78
107 78
107 78
107 78
107 78
107 78
9927 9948
9927 9948
9927 9948
9927 9948
9927 9948
9927 9948
9927 9948
9927 9948
9927 9948
9927 9948
9927 9948
9927 9948
9927 9948
9927 9948
9927 9948
9927 9948
9927 9948
9927 9948
9927 9948
9927 9948
9927 9948
9927 9948
9927 9948
9927 9948
9927 9948
9927 9948
9927 9948
9927 9948
9927 9948
9927 9948
9927 9948
9927 9948
9927 9948
9927 9948
9927 9948
9927 9948
9927 9948
9927 9948
9927 9948
9927 9948
9927 9948
9927 9948
9927 9948
9927 9948
9927 9948
9927 9948
9927 9948
9927 9948
9927 9948
71 17
72 17
75 17
77 17
80 16
82 15
9927 9948
9927 9948
9927 9948
9927 9948
9927 9948
9927 9948
73 2
73 2
9927 9948
9927 9948
9927 9948
9927 9948
9927 9948
9927 9948
9927 9948
9927 9948
9927 9948
9927 9948
9927 9948
9927 9948
9927 9948
9927 9948
9927 9948
9927 9948
9927 9948
9927 9948
31 105
31 105
37 105
43 103
9927 9948
9927 9948
9927 9948
9927 9948
9927 9948
9927 9948
9927 9948
9927 9948
9927 9948
9927 9948
9927 9948
9927 9948
9927 9948
9927 9948
9927 9948
9927 9948
9927 9948
9927 9948
9927 9948
9927 9948
9927 9948
9927 9948
9927 9948
9927 9948
9927 9948
9927 9948
9927 9948
9927 9948
9927 9948
9927 9948
9927 9948
9927 9948
9927 9948
19 9
