11 1570 1585 1605 1575 1606 32 1588 1585 1740 1601 1740
6
125 19
125 19
125 19
124 22
123 25
120 28
119 28
118 28
114 30
112 32
107 35
105 36
100 38
97 40
94 41
92 41
90 42
86 43
84 43
82 43
80 43
78 43
75 43
74 43
72 43
71 43
70 43
70 43
69 43
68 43
67 42
67 42
66 42
66 42
66 42
66 42
66 42
65 42
65 42
65 42
65 42
65 42
65 42
65 42
65 42
65 44
65 45
64 47
64 49
63 51
62 53
61 54
60 56
59 57
58 58
56 60
55 61
53 62
51 63
50 64
48 65
47 65
46 65
45 66
44 66
44 66
44 66
44 66
9947 9946
9947 9946
9947 9946
9947 9946
9947 9946
9947 9946
9947 9946
9947 9946
9947 9946
9947 9946
9947 9946
9947 9946
9947 9946
9947 9946
9947 9946
9947 9946
9947 9946
9947 9946
9947 9946
9947 9946
54 29
54 29
54 29
54 31
54 32
53 35
51 36
50 38
50 39
49 39
47 40
46 40
46 40
46 40
45 40
44 40
43 40
42 40
42 39
41 38
41 37
41 36
41 35
41 33
41 33
41 32
41 31
41 31
42 31
44 31
44 31
45 31
46 31
46 31
46 31
46 31
46 31
46 32
46 33
46 35
45 36
45 38
43 39
43 40
42 41
41 42
39 43
37 45
34 47
32 49
30 51
27 52
24 54
22 56
19 57
15 60
12 61
10 63
8 65
5 69
4 70
2 72
1 75
1 76
1 76
1 78
3 78
4 79
6 80
8 81
11 82
13 82
17 82
22 82
24 82
27 82
29 81
31 81
33 80
35 80
37 79
42 77
44 77
47 76
51 76
57 75
65 75
76 75
82 75
88 75
93 75
97 75
100 76
101 76
103 76
103 76
104 76
104 76
104 76
104 76
105 76
105 76
105 76
105 76
105 76
105 76
9947 9946
9947 9946
9947 9946
9947 9946
9947 9946
9947 9946
9947 9946
9947 9946
9947 9946
9947 9946
9947 9946
9947 9946
9947 9946
9947 9946
9947 9946
9947 9946
9947 9946
9947 9946
9947 9946
9947 9946
9947 9946
9947 9946
9947 9946
9947 9946
9947 9946
9947 9946
9947 9946
87 13
89 13
93 13
96 13
97 12
98 12
98 12
9947 9946
9947 9946
9947 9946
9947 9946
9947 9946
9947 9946
9947 9946
9947 9946
9947 9946
9947 9946
9947 9946
91 2
91 2
9947 9946
9947 9946
9947 9946
9947 9946
9947 9946
9947 9946
9947 9946
9947 9946
9947 9946
9947 9946
9947 9946
9947 9946
9947 9946
9947 9946
9947 9946
9947 9946
9947 9946
9947 9946
9947 9946
9947 9946
9947 9946
9947 9946
9947 9946
35 101
38 101
41 101
46 100
52 100
9947 9946
9947 9946
9947 9946
9947 9946
9947 9946
9947 9946
9947 9946
9947 9946
9947 9946
9947 9946
9947 9946
9947 9946
9947 9946
9947 9946
9947 9946
9947 9946
9947 9946
9947 9946
9947 9946
9947 9946
9947 9946
9947 9946
9947 9946
9947 9946
40 6
40 6
