13 1601 1585 1740 1583 1608 1606 32 1578 1587 1604 1740 1605 1740
3
114 38
114 38
114 38
114 40
114 44
114 46
113 47
113 48
111 50
109 53
108 54
105 56
101 57
97 58
92 60
88 61
83 61
80 61
77 61
74 61
73 61
70 61
68 58
65 53
65 50
65 48
65 45
65 42
65 37
65 32
64 29
64 26
63 23
62 20
62 19
62 19
62 19
62 19
62 19
62 28
62 33
62 37
62 39
62 40
62 42
62 44
62 47
62 49
62 51
61 52
60 53
59 55
57 56
55 57
54 57
52 57
51 57
50 57
48 57
47 56
46 55
45 54
45 53
43 50
43 49
42 49
42 49
42 49
42 49
42 49
42 49
42 49
41 49
38 49
36 51
35 53
34 54
34 56
33 58
32 60
32 61
32 62
32 62
33 62
34 63
34 63
35 63
37 63
38 63
38 62
38 62
38 62
38 62
38 61
38 61
38 61
38 60
37 60
36 59
36 59
36 59
36 59
35 59
34 59
33 59
32 60
30 61
29 62
28 63
28 64
27 65
27 66
27 67
27 68
28 69
29 70
31 70
33 71
34 72
35 73
35 75
35 77
35 81
35 83
35 85
34 86
32 87
30 88
28 88
26 89
23 89
20 89
17 89
14 89
12 89
10 88
7 86
6 85
3 82
1 78
1 73
1 69
1 65
1 62
2 59
3 57
5 53
7 50
9931 9961
9931 9961
9931 9961
9931 9961
9931 9961
9931 9961
9931 9961
9931 9961
9931 9961
9931 9961
9931 9961
9931 9961
9931 9961
9931 9961
9931 9961
9931 9961
9931 9961
9931 9961
9931 9961
9931 9961
9931 9961
9931 9961
9931 9961
9931 9961
93 7
97 6
103 4
109 2
9931 9961
9931 9961
9931 9961
9931 9961
9931 9961
9931 9961
9931 9961
9931 9961
9931 9961
9931 9961
9931 9961
9931 9961
9931 9961
9931 9961
9931 9961
9931 9961
9931 9961
9931 9961
9931 9961
9931 9961
9931 9961
9931 9961
9931 9961
9931 9961
9931 9961
34 105
35 106
37 107
41 109
