13 1601 1585 1740 1583 1608 1606 32 1578 1587 1604 1740 1605 1740
3
115 37
115 37
115 37
115 40
113 43
111 46
108 48
105 50
102 50
98 52
94 53
91 54
86 54
81 54
74 54
71 54
69 54
67 54
63 53
62 53
60 52
60 52
58 50
57 47
55 42
55 37
55 32
55 28
55 25
55 21
55 19
54 17
54 16
54 15
54 15
54 15
54 15
54 15
54 17
54 24
53 28
53 31
53 33
53 34
53 36
53 38
52 40
52 41
52 43
51 45
50 46
48 48
47 49
46 49
44 50
44 50
43 50
42 50
40 49
39 49
38 48
38 47
37 46
36 45
36 43
36 41
36 41
36 41
36 40
36 40
36 40
36 40
36 40
36 40
34 41
32 42
31 43
31 44
31 46
30 47
30 48
30 49
30 50
30 51
30 52
30 52
31 52
31 53
32 53
32 53
33 53
34 53
35 53
35 53
35 53
35 53
35 53
35 53
35 53
34 52
32 52
31 52
29 52
27 53
25 54
24 55
24 56
24 57
24 58
25 58
26 59
27 60
28 61
29 61
29 62
29 64
29 66
28 69
28 70
27 70
25 72
24 72
21 73
19 73
16 73
14 73
12 73
10 73
8 73
5 71
4 69
2 67
1 65
1 60
1 54
4 47
6 43
9 39
9940 9947
9940 9947
9940 9947
9940 9947
9940 9947
9940 9947
9940 9947
9940 9947
9940 9947
9940 9947
9940 9947
27 111
28 112
33 113
43 113
56 111
9940 9947
9940 9947
9940 9947
9940 9947
9940 9947
9940 9947
9940 9947
9940 9947
9940 9947
9940 9947
9940 9947
9940 9947
9940 9947
9940 9947
9940 9947
9940 9947
99 10
99 10
102 8
111 4
120 1
