9 1591 1604 1608 1593 32 1586 1585 1740 1606
4
144 4
145 15
145 32
145 42
145 53
145 63
145 66
145 66
145 66
145 66
144 66
146 59
149 52
150 51
152 50
154 49
156 49
159 49
161 50
164 53
165 53
165 54
165 55
164 59
163 62
161 62
157 64
149 64
136 64
121 65
105 65
87 65
67 65
44 65
37 65
36 65
35 65
35 65
35 65
35 65
35 65
35 65
9989 9952
9989 9952
9989 9952
9989 9952
9989 9952
9989 9952
9989 9952
9989 9952
9989 9952
9989 9952
9989 9952
9989 9952
9989 9952
9989 9952
9989 9952
9989 9952
9989 9952
9989 9952
9989 9952
9989 9952
9989 9952
9989 9952
9989 9952
9989 9952
9989 9952
9989 9952
9989 9952
9989 9952
100 2
101 5
101 23
100 36
100 45
100 50
100 54
100 58
100 61
100 63
100 63
100 63
100 63
100 63
100 63
100 63
9989 9952
9989 9952
9989 9952
9989 9952
9989 9952
9989 9952
9989 9952
9989 9952
9989 9952
9989 9952
9989 9952
9989 9952
9989 9952
9989 9952
9989 9952
9989 9952
9989 9952
9989 9952
9989 9952
9989 9952
9989 9952
9989 9952
9989 9952
9989 9952
9989 9952
9989 9952
9989 9952
9989 9952
9989 9952
9989 9952
9989 9952
9989 9952
9989 9952
9989 9952
34 64
34 64
34 64
34 64
37 60
41 55
48 48
51 45
53 45
55 43
57 42
59 42
59 41
59 41
60 41
60 41
60 45
57 63
57 77
57 83
56 91
55 99
55 103
55 103
55 103
55 103
55 103
55 103
9989 9952
9989 9952
9989 9952
9989 9952
9989 9952
9989 9952
9989 9952
9989 9952
9989 9952
9989 9952
9989 9952
9989 9952
9989 9952
9989 9952
9989 9952
9989 9952
9989 9952
18 26
18 26
17 26
15 27
12 34
12 36
12 37
14 38
16 39
18 39
26 37
37 30
41 26
42 25
42 25
42 25
40 26
29 36
17 48
13 55
8 65
2 87
1 97
1 102
3 107
9 113
17 119
23 120
37 121
58 119
70 113
92 103
101 100
109 98
111 97
111 97
111 97
111 97
111 97
111 97
111 97
111 97
111 97
