9 1591 1604 1608 1593 32 1586 1585 1740 1606
4
132 2
132 2
133 8
133 19
132 31
131 37
131 41
131 45
131 49
130 52
130 53
129 54
129 54
129 54
129 54
129 54
129 54
129 54
127 54
127 49
129 42
131 38
132 36
134 36
136 36
138 36
140 36
143 36
145 36
148 37
150 39
151 40
153 40
153 41
153 41
153 41
150 43
144 46
136 50
131 51
123 54
110 58
101 60
84 64
71 64
63 64
56 64
49 64
44 64
43 64
41 63
40 63
39 62
38 62
38 62
38 62
37 61
37 61
9976 9947
9976 9947
9976 9947
9976 9947
9976 9947
9976 9947
9976 9947
9976 9947
9976 9947
9976 9947
9976 9947
9976 9947
9976 9947
9976 9947
9976 9947
9976 9947
9976 9947
9976 9947
9976 9947
9976 9947
9976 9947
94 2
94 2
93 3
93 16
92 32
92 37
92 42
92 48
91 50
91 52
91 52
91 52
91 53
91 54
91 54
91 54
9976 9947
9976 9947
9976 9947
9976 9947
9976 9947
9976 9947
9976 9947
9976 9947
9976 9947
9976 9947
9976 9947
9976 9947
9976 9947
9976 9947
9976 9947
9976 9947
9976 9947
9976 9947
9976 9947
9976 9947
9976 9947
9976 9947
9976 9947
9976 9947
9976 9947
9976 9947
9976 9947
9976 9947
9976 9947
36 61
36 61
36 61
36 61
39 60
43 59
45 59
49 57
54 55
56 54
61 52
62 51
64 51
64 51
65 51
65 51
65 52
57 67
53 75
51 81
48 88
46 93
44 96
43 97
43 98
43 99
43 99
42 101
42 101
42 101
42 101
42 101
9976 9947
9976 9947
9976 9947
9976 9947
9976 9947
9976 9947
9976 9947
9976 9947
9976 9947
9976 9947
9976 9947
9976 9947
21 34
19 34
17 32
15 32
14 32
9 36
2 44
1 48
1 50
3 53
6 55
8 56
11 57
25 51
29 47
29 47
29 47
29 47
29 47
29 47
19 53
10 65
6 72
5 78
2 87
2 99
2 109
3 114
6 120
16 128
33 133
50 134
72 134
92 132
100 131
105 131
105 131
105 131
105 131
105 131
105 131
105 131
105 131
