10 1601 1585 1576 1583 32 1580 1604 1575 1604 1740
3
66 19
66 19
66 19
66 19
66 19
64 17
64 15
65 8
66 4
66 2
66 1
66 1
64 1
60 3
53 10
46 15
36 21
27 28
22 33
19 37
18 38
18 40
20 41
23 43
30 47
36 50
41 52
43 53
44 56
44 61
40 69
30 80
25 85
19 94
17 98
14 105
12 110
12 116
13 119
16 122
29 127
48 130
81 130
104 130
115 129
115 129
115 129
115 129
115 129
9957 9971
9957 9971
9957 9971
9957 9971
9957 9971
9957 9971
9957 9971
9957 9971
9957 9971
9957 9971
9957 9971
9957 9971
9957 9971
65 54
56 57
39 62
25 67
17 70
7 72
3 73
1 74
1 74
9957 9971
9957 9971
9957 9971
9957 9971
9957 9971
9957 9971
9957 9971
9957 9971
9957 9971
9957 9971
74 90
72 90
62 90
39 93
23 96
17 96
9 98
5 99
2 100
2 100
2 100
2 100
