10 1601 1585 1576 1583 32 1580 1604 1575 1604 1740
3
113 15
113 15
113 14
111 13
111 11
112 5
112 3
112 3
112 2
112 2
111 2
110 1
108 1
104 1
98 4
90 8
83 10
76 15
71 17
67 19
62 23
58 27
57 28
55 32
54 34
54 38
57 41
60 44
65 47
68 49
73 54
77 56
80 57
82 59
84 60
84 62
83 68
76 77
71 84
67 89
64 93
60 98
56 102
55 105
52 108
49 114
48 118
47 121
45 126
44 130
44 134
44 137
44 138
47 141
51 143
54 144
61 144
78 144
90 141
108 138
136 134
163 131
176 129
182 129
183 129
183 129
183 129
183 129
183 129
183 129
183 129
183 129
9982 9976
9982 9976
9982 9976
9982 9976
9982 9976
9982 9976
9982 9976
9982 9976
9982 9976
9982 9976
9982 9976
9982 9976
9982 9976
9982 9976
9982 9976
9982 9976
9982 9976
9982 9976
9982 9976
9982 9976
9982 9976
9982 9976
9982 9976
136 49
135 49
126 52
99 64
64 74
37 81
23 86
22 86
21 87
21 87
21 87
21 87
9982 9976
9982 9976
9982 9976
9982 9976
9982 9976
9982 9976
9982 9976
9982 9976
9982 9976
9982 9976
9982 9976
9982 9976
9982 9976
9982 9976
120 83
117 83
107 86
77 95
59 101
41 106
20 111
7 114
1 116
1 116
1 116
1 116
1 116
1 117
